[gd_scene load_steps=103 format=3 uid="uid://b606nmbtkfsgn"]

[ext_resource type="Material" uid="uid://bgua7jrqal3qw" path="res://assets/materials/grass.tres" id="1_yf3ne"]
[ext_resource type="PackedScene" uid="uid://bykbl266te8fj" path="res://assets/models/terrain/nature kit/grass_leafsLarge.glb" id="2_yndxb"]
[ext_resource type="PackedScene" uid="uid://c6111m53gkrs3" path="res://assets/models/terrain/nature kit/grass.glb" id="3_jhcp8"]
[ext_resource type="PackedScene" uid="uid://cb15hv25il6b" path="res://assets/models/terrain/nature kit/grass_leafs.glb" id="4_yrvli"]
[ext_resource type="PackedScene" uid="uid://b8bajhx1c4e6l" path="res://assets/models/terrain/nature kit/flower_redA.glb" id="5_37c5p"]
[ext_resource type="PackedScene" uid="uid://roh7ecy5gujg" path="res://assets/models/terrain/nature kit/flower_redB.glb" id="6_t1447"]
[ext_resource type="PackedScene" uid="uid://dhqdcd8qdhygt" path="res://assets/models/terrain/nature kit/flower_redC.glb" id="7_k0o68"]
[ext_resource type="PackedScene" uid="uid://2kb6xc2a0u5x" path="res://assets/models/terrain/nature kit/flower_yellowC.glb" id="8_8yyoo"]
[ext_resource type="PackedScene" uid="uid://dupnjnov4p2h2" path="res://assets/models/terrain/nature kit/flower_yellowB.glb" id="9_jg2b4"]
[ext_resource type="PackedScene" uid="uid://owe4bfq1e72h" path="res://assets/models/terrain/nature kit/flower_yellowA.glb" id="10_muxbh"]
[ext_resource type="PackedScene" uid="uid://b6ebgbje7g14l" path="res://assets/models/terrain/nature kit/flower_purpleC.glb" id="11_8f57x"]
[ext_resource type="PackedScene" uid="uid://xcy13rkx15b0" path="res://assets/models/terrain/nature kit/flower_purpleA.glb" id="12_ajuy2"]
[ext_resource type="PackedScene" uid="uid://br48a48k8imtq" path="res://assets/models/terrain/nature kit/flower_purpleB.glb" id="13_1ydes"]
[ext_resource type="PackedScene" uid="uid://cnvjy4b7qcslt" path="res://assets/models/terrain/nature kit/ground_pathEnd.glb" id="14_6pbfg"]
[ext_resource type="PackedScene" uid="uid://dwx7iufge1ln1" path="res://assets/models/terrain/nature kit/ground_pathStraight.glb" id="15_ay6ag"]
[ext_resource type="PackedScene" uid="uid://t4sffy0anh1p" path="res://assets/models/terrain/nature kit/ground_pathSplit.glb" id="16_rbjx5"]
[ext_resource type="PackedScene" uid="uid://bfoek6dyc7ata" path="res://assets/models/terrain/nature kit/ground_pathRocks.glb" id="17_8182e"]
[ext_resource type="PackedScene" uid="uid://dm2rs2kedspa4" path="res://assets/models/terrain/nature kit/ground_pathBend.glb" id="18_co7kg"]
[ext_resource type="PackedScene" uid="uid://bgephlvfh8sdj" path="res://assets/models/terrain/nature kit/ground_riverEndClosed.glb" id="19_1gys6"]
[ext_resource type="PackedScene" uid="uid://d3xs1yxe2sw53" path="res://assets/models/terrain/nature kit/ground_riverRocks.glb" id="20_1cqu1"]
[ext_resource type="PackedScene" uid="uid://dsxns2e3vvhrl" path="res://assets/models/terrain/nature kit/ground_riverStraight.glb" id="21_efedf"]
[ext_resource type="PackedScene" uid="uid://bqik43jo32l76" path="res://assets/models/terrain/nature kit/ground_riverBend.glb" id="22_1ehu4"]
[ext_resource type="PackedScene" uid="uid://cnge7bh33d1su" path="res://assets/models/terrain/nature kit/cliff_block_stone.glb" id="23_lxsjd"]
[ext_resource type="PackedScene" uid="uid://c57q5fu3v7cfo" path="res://assets/models/terrain/nature kit/cliff_blockSlopeWalls_stone.glb" id="24_q4hbc"]
[ext_resource type="PackedScene" uid="uid://dybmi8wiuggq0" path="res://assets/models/terrain/nature kit/path_wood.glb" id="25_peekf"]
[ext_resource type="PackedScene" uid="uid://r3hsqhm6k4ii" path="res://assets/models/terrain/nature kit/path_woodEnd.glb" id="26_ylko7"]
[ext_resource type="PackedScene" uid="uid://byh1bypvc7nl1" path="res://assets/models/terrain/nature kit/cliff_blockDiagonal_stone.glb" id="27_02osg"]
[ext_resource type="PackedScene" uid="uid://bpfrklqv256u6" path="res://assets/models/terrain/nature kit/cliff_blockCave_stone.glb" id="28_sumos"]
[ext_resource type="PackedScene" uid="uid://dhirn601gju20" path="res://assets/models/terrain/nature kit/cliff_cave_stone.glb" id="29_8tdad"]
[ext_resource type="PackedScene" uid="uid://ebp3ioj6jepu" path="res://assets/models/terrain/nature kit/cliff_halfCornerInner_stone.glb" id="30_gaag7"]
[ext_resource type="PackedScene" uid="uid://dj71wy86iqdhr" path="res://assets/models/terrain/nature kit/cliff_halfCorner_stone.glb" id="31_db8oj"]
[ext_resource type="PackedScene" uid="uid://bcqyfg8id26av" path="res://assets/models/terrain/nature kit/cliff_cornerLarge_stone.glb" id="32_7s7l5"]
[ext_resource type="PackedScene" uid="uid://dn6h87pw6ll5v" path="res://assets/models/terrain/nature kit/cliff_half_stone.glb" id="33_8tip3"]
[ext_resource type="PackedScene" uid="uid://d1a2b5cnq2uby" path="res://assets/models/terrain/nature kit/cliff_stone.glb" id="34_c2ck5"]
[ext_resource type="PackedScene" uid="uid://b7dqr4vl8r7sa" path="res://assets/models/terrain/nature kit/cliff_stepsCornerInner_stone.glb" id="35_4omhj"]
[ext_resource type="PackedScene" uid="uid://bsnpbil7bi545" path="res://assets/models/terrain/nature kit/cliff_waterfallTop_stone.glb" id="36_mr6t3"]
[ext_resource type="PackedScene" uid="uid://bsuiyp4m7dr8h" path="res://assets/models/terrain/nature kit/cliff_steps_stone.glb" id="37_3wcy2"]
[ext_resource type="PackedScene" uid="uid://bp5ppgmmo1vy8" path="res://assets/models/terrain/nature kit/cliff_stepsCorner_stone.glb" id="38_ewhew"]
[ext_resource type="PackedScene" uid="uid://dsokniyluxwbg" path="res://assets/models/terrain/nature kit/cliff_cornerInnerTop_stone.glb" id="39_sq15y"]
[ext_resource type="PackedScene" uid="uid://csm8cti770aoq" path="res://assets/models/terrain/nature kit/ground_riverEnd.glb" id="40_rfg28"]
[ext_resource type="PackedScene" uid="uid://dkw0gac8oo7pf" path="res://assets/models/terrain/nature kit/ground_riverSide.glb" id="41_leem4"]
[ext_resource type="PackedScene" uid="uid://bp5jbrowmd6eg" path="res://assets/models/terrain/nature kit/ground_riverSideOpen.glb" id="42_h4kd7"]
[ext_resource type="PackedScene" uid="uid://rij8ast6eebp" path="res://assets/models/terrain/nature kit/ground_riverOpen.glb" id="43_aqywl"]
[ext_resource type="PackedScene" uid="uid://di3fcwbm4i1wm" path="res://assets/models/terrain/nature kit/ground_riverCornerSmall.glb" id="44_2f51m"]
[ext_resource type="PackedScene" uid="uid://ccsw3tkbq3dao" path="res://assets/models/terrain/nature kit/ground_riverCorner.glb" id="45_nauq1"]
[ext_resource type="PackedScene" uid="uid://cel4kxmb8cwff" path="res://assets/models/terrain/nature kit/ground_grass.glb" id="46_p1k4t"]
[ext_resource type="PackedScene" uid="uid://wiv44dhb0pvt" path="res://assets/models/terrain/nature kit/ground_riverBendBank.glb" id="47_4ce35"]
[ext_resource type="PackedScene" uid="uid://bmejjqg3eja2t" path="res://assets/models/terrain/nature kit/bridge_side_woodRound.glb" id="48_sllm5"]
[ext_resource type="PackedScene" uid="uid://dyy3npawmh6de" path="res://assets/models/terrain/nature kit/tree_pineTallB_detailed.glb" id="49_1uiyn"]
[ext_resource type="PackedScene" uid="uid://dajae1oynbqtb" path="res://assets/models/terrain/nature kit/tree_pineTallD_detailed.glb" id="50_xuje3"]
[ext_resource type="PackedScene" uid="uid://cus47or7gnclv" path="res://assets/models/terrain/nature kit/tree_pineTallC_detailed.glb" id="51_5mx88"]
[ext_resource type="PackedScene" uid="uid://c3a0uak6pw5ht" path="res://assets/models/terrain/nature kit/tree_pineTallA_detailed.glb" id="52_25h1i"]
[ext_resource type="PackedScene" uid="uid://c2vlf0ki5lr0v" path="res://assets/models/terrain/nature kit/tree_pineDefaultA.glb" id="53_4vp2h"]
[ext_resource type="PackedScene" uid="uid://kpuerd5w20rr" path="res://assets/models/terrain/nature kit/tree_pineDefaultB.glb" id="54_bhc8s"]
[ext_resource type="PackedScene" uid="uid://cwkqwkcbm2hws" path="res://assets/models/terrain/nature kit/mushroom_red.glb" id="55_248nf"]
[ext_resource type="PackedScene" uid="uid://cjmht24hmh70y" path="res://assets/models/terrain/nature kit/mushroom_redTall.glb" id="56_cotjd"]
[ext_resource type="PackedScene" uid="uid://dgpme0a184jn4" path="res://assets/models/terrain/nature kit/mushroom_redGroup.glb" id="57_ooxok"]
[ext_resource type="PackedScene" uid="uid://kxuptrry0hek" path="res://assets/models/terrain/graveyard/rocks-tall.glb" id="58_nxi1u"]
[ext_resource type="PackedScene" uid="uid://l80y4tv7e8c7" path="res://assets/models/terrain/graveyard/rocks.glb" id="59_4jhgl"]
[ext_resource type="PackedScene" uid="uid://dqj2r2tnrabp2" path="res://assets/models/terrain/graveyard/crypt-large.glb" id="60_gx8sc"]
[ext_resource type="PackedScene" uid="uid://dpk6pr3m0c1yw" path="res://assets/models/terrain/graveyard/crypt-large-roof.glb" id="61_8smar"]
[ext_resource type="PackedScene" uid="uid://c2rdypihttwgt" path="res://assets/models/terrain/graveyard/crypt-door.glb" id="62_8q6os"]
[ext_resource type="PackedScene" uid="uid://nps5xrtf5rhc" path="res://assets/models/terrain/graveyard/debris.glb" id="63_7mv20"]
[ext_resource type="PackedScene" uid="uid://btk07fi2c86fk" path="res://assets/models/terrain/graveyard/gravestone-broken.glb" id="64_t685h"]
[ext_resource type="PackedScene" uid="uid://bxnwavwno3ec4" path="res://assets/models/terrain/graveyard/grave.glb" id="65_elcqr"]
[ext_resource type="PackedScene" uid="uid://bh5n8s64i1s18" path="res://assets/models/terrain/graveyard/grave-border.glb" id="66_ox1w3"]
[ext_resource type="PackedScene" uid="uid://hcxlbmirhent" path="res://assets/models/terrain/graveyard/gravestone-debris.glb" id="67_htqxk"]
[ext_resource type="PackedScene" uid="uid://defsyk2j46ggn" path="res://assets/models/terrain/graveyard/gravestone-bevel.glb" id="68_0p3gi"]
[ext_resource type="PackedScene" uid="uid://m5tm3comin5f" path="res://assets/models/terrain/nature kit/path_stoneCorner.glb" id="69_euwh7"]
[ext_resource type="PackedScene" uid="uid://bgkmmfh6f4qkm" path="res://assets/models/terrain/nature kit/path_stone.glb" id="70_2b578"]
[ext_resource type="PackedScene" uid="uid://c240myt1njrgs" path="res://assets/models/terrain/nature kit/path_stoneCircle.glb" id="71_w2ndo"]
[ext_resource type="PackedScene" uid="uid://cacsf2vfkaj2k" path="res://assets/models/terrain/nature kit/mushroom_tanTall.glb" id="72_jwwdh"]
[ext_resource type="PackedScene" uid="uid://b6413bxqt1rb5" path="res://assets/models/terrain/nature kit/mushroom_tanGroup.glb" id="73_j6x7x"]
[ext_resource type="PackedScene" uid="uid://ufpjdway1384" path="res://assets/models/terrain/nature kit/mushroom_tan.glb" id="74_wb4kc"]
[ext_resource type="PackedScene" uid="uid://chlr58y2r56bp" path="res://assets/models/terrain/nature kit/canoe.glb" id="75_16qx4"]
[ext_resource type="PackedScene" uid="uid://chhgw6n24dhhv" path="res://assets/models/terrain/nature kit/canoe_paddle.glb" id="76_3at21"]
[ext_resource type="PackedScene" uid="uid://c1fe1t2gxivnp" path="res://assets/models/terrain/nature kit/campfire_bricks.glb" id="77_6vjis"]
[ext_resource type="PackedScene" uid="uid://djk00belsgdfh" path="res://assets/models/terrain/nature kit/campfire_planks.glb" id="78_mswae"]
[ext_resource type="PackedScene" uid="uid://cwprterqaau8b" path="res://assets/models/terrain/nature kit/log_stackLarge.glb" id="79_js8w4"]
[ext_resource type="PackedScene" uid="uid://mh3npwoh71ce" path="res://assets/models/terrain/nature kit/tent_detailedClosed.glb" id="80_14eit"]
[ext_resource type="PackedScene" uid="uid://bts6etmcohfss" path="res://assets/models/terrain/nature kit/tree_pineSmallA.glb" id="81_entem"]
[ext_resource type="PackedScene" uid="uid://c7xc126pbpe0y" path="res://assets/models/terrain/graveyard/shovel-dirt.glb" id="82_3kq7d"]
[ext_resource type="PackedScene" uid="uid://cjujmkq343pst" path="res://assets/models/terrain/graveyard/road.glb" id="83_c42se"]
[ext_resource type="PackedScene" uid="uid://bh31lx4nfuasj" path="res://assets/models/terrain/nature kit/lily_large.glb" id="84_0dnyj"]
[ext_resource type="PackedScene" uid="uid://baujv0ph5gx0" path="res://assets/models/terrain/nature kit/platform_grass.glb" id="85_m3svt"]

[sub_resource type="PlaneMesh" id="PlaneMesh_0ld40"]
material = ExtResource("1_yf3ne")
size = Vector2(100, 100)

[sub_resource type="BoxShape3D" id="BoxShape3D_og1vs"]
size = Vector3(154.9, 2.4, 159.9)

[sub_resource type="BoxShape3D" id="BoxShape3D_ro3en"]
size = Vector3(8.9, 9.7, 35.7)

[sub_resource type="BoxShape3D" id="BoxShape3D_od4ux"]
size = Vector3(6.7, 15.7, 5.2)

[sub_resource type="BoxShape3D" id="BoxShape3D_xhfw6"]
size = Vector3(51.2, 15.9, 1.5)

[sub_resource type="BoxShape3D" id="BoxShape3D_1epgm"]
size = Vector3(2, 10.2, 2.9)

[sub_resource type="BoxShape3D" id="BoxShape3D_152kg"]
size = Vector3(5.5, 21.5, 55.4)

[sub_resource type="BoxShape3D" id="BoxShape3D_r4e17"]
size = Vector3(3.1, 7.9, 3.4)

[sub_resource type="BoxShape3D" id="BoxShape3D_y57op"]
size = Vector3(36.1, 24.8, 21.7)

[sub_resource type="BoxShape3D" id="BoxShape3D_mlv25"]
size = Vector3(10.9, 16.9, 3.1)

[sub_resource type="BoxShape3D" id="BoxShape3D_a82wo"]
size = Vector3(5.4, 14.7, 4.8)

[sub_resource type="BoxShape3D" id="BoxShape3D_gdvew"]
size = Vector3(1.53928, 10.6, 5.4)

[sub_resource type="BoxShape3D" id="BoxShape3D_kjtvk"]
size = Vector3(20.4, 13.8, 4.8)

[sub_resource type="BoxShape3D" id="BoxShape3D_xrs0c"]
size = Vector3(4.6, 14.6, 8.7)

[sub_resource type="BoxShape3D" id="BoxShape3D_xljpf"]
size = Vector3(1.91465, 6.4, 6)

[sub_resource type="PlaneMesh" id="PlaneMesh_r4ag1"]

[sub_resource type="StandardMaterial3D" id="StandardMaterial3D_v0wtd"]
albedo_color = Color(0, 0, 0, 1)

[node name="terrain" type="Node3D"]

[node name="bottom fog" type="MeshInstance3D" parent="."]
transform = Transform3D(1, 0, 0, 0, 1, 0, 0, 0, 1, 0, -3, 0)
visible = false
material_override = ExtResource("1_yf3ne")
mesh = SubResource("PlaneMesh_0ld40")
skeleton = NodePath("../bottom floor")

[node name="collisions" type="Node3D" parent="."]

[node name="floor" type="Node3D" parent="collisions"]

[node name="StaticBody3D" type="StaticBody3D" parent="collisions/floor"]
transform = Transform3D(1, 0, 0, 0, 1, 0, 0, 0, 1, 0, -1.9, 0)

[node name="CollisionShape3D" type="CollisionShape3D" parent="collisions/floor/StaticBody3D"]
transform = Transform3D(1, 0, 0, 0, 1, 0, 0, 0, 1, 0, 0.7, 0)
shape = SubResource("BoxShape3D_og1vs")

[node name="walls" type="Node3D" parent="collisions"]

[node name="wall" type="StaticBody3D" parent="collisions/walls"]

[node name="CollisionShape3D" type="CollisionShape3D" parent="collisions/walls/wall"]
transform = Transform3D(1, 0, 0, 0, 1, 0, 0, 0, 1, 25.45, 4.35, 3.45)
shape = SubResource("BoxShape3D_ro3en")

[node name="wall2" type="StaticBody3D" parent="collisions/walls"]

[node name="CollisionShape3D" type="CollisionShape3D" parent="collisions/walls/wall2"]
transform = Transform3D(1, 0, 0, 0, 1, 0, 0, 0, 1, 22.6, 1.6, 20.95)
shape = SubResource("BoxShape3D_od4ux")

[node name="wall3" type="StaticBody3D" parent="collisions/walls"]

[node name="CollisionShape3D" type="CollisionShape3D" parent="collisions/walls/wall3"]
transform = Transform3D(1, 0, 0, 0, 1, 0, 0, 0, 1, -2.5, -0.249998, 20.7)
shape = SubResource("BoxShape3D_xhfw6")

[node name="wall4" type="StaticBody3D" parent="collisions/walls"]

[node name="CollisionShape3D" type="CollisionShape3D" parent="collisions/walls/wall4"]
transform = Transform3D(1, 0, 0, 0, 1, 0, 0, 0, 1, -6, 1.55, 19.75)
shape = SubResource("BoxShape3D_1epgm")

[node name="wall5" type="StaticBody3D" parent="collisions/walls"]

[node name="CollisionShape3D" type="CollisionShape3D" parent="collisions/walls/wall5"]
transform = Transform3D(1, 0, 0, 0, 1, 0, 0, 0, 1, -23.75, -0.899998, 1.64999)
shape = SubResource("BoxShape3D_152kg")

[node name="wall6" type="StaticBody3D" parent="collisions/walls"]

[node name="CollisionShape3D" type="CollisionShape3D" parent="collisions/walls/wall6"]
transform = Transform3D(0.707107, 0, -0.707107, 0, 1, 0, 0.707107, 0, 0.707107, -21.2751, -0.749999, 14.11)
shape = SubResource("BoxShape3D_r4e17")

[node name="wall7" type="StaticBody3D" parent="collisions/walls"]

[node name="CollisionShape3D" type="CollisionShape3D" parent="collisions/walls/wall7"]
transform = Transform3D(1, 0, 0, 0, 1, 0, 0, 0, 1, -8.76109, -1.55, -33.0259)
shape = SubResource("BoxShape3D_y57op")

[node name="wall8" type="StaticBody3D" parent="collisions/walls"]

[node name="CollisionShape3D" type="CollisionShape3D" parent="collisions/walls/wall8"]
transform = Transform3D(1, 0, 0, 0, 1, 0, 0, 0, 1, -20.7111, -1.5, -21.5759)
shape = SubResource("BoxShape3D_mlv25")

[node name="wall9" type="StaticBody3D" parent="collisions/walls"]

[node name="CollisionShape3D" type="CollisionShape3D" parent="collisions/walls/wall9"]
transform = Transform3D(0.707107, 0, 0.707107, 0, 1, 0, -0.707107, 0, 0.707107, -2.78381, -3.25, -23.6077)
shape = SubResource("BoxShape3D_a82wo")

[node name="wall10" type="StaticBody3D" parent="collisions/walls"]

[node name="CollisionShape3D" type="CollisionShape3D" parent="collisions/walls/wall10"]
transform = Transform3D(1, 0, 0, 0, 1, 0, 0, 0, 1, 0.00802779, 1.65, -22.7077)
shape = SubResource("BoxShape3D_gdvew")

[node name="wall12" type="StaticBody3D" parent="collisions/walls"]

[node name="CollisionShape3D" type="CollisionShape3D" parent="collisions/walls/wall12"]
transform = Transform3D(1, 0, 0, 0, 1, 0, 0, 0, 1, 13.208, 3.85, -22.3926)
shape = SubResource("BoxShape3D_kjtvk")

[node name="wall13" type="StaticBody3D" parent="collisions/walls"]

[node name="CollisionShape3D" type="CollisionShape3D" parent="collisions/walls/wall13"]
transform = Transform3D(1, 0, 0, 0, 1, 0, 0, 0, 1, 21.308, 1.65, -18.5426)
shape = SubResource("BoxShape3D_xrs0c")

[node name="wall11" type="StaticBody3D" parent="collisions/walls"]

[node name="CollisionShape3D" type="CollisionShape3D" parent="collisions/walls/wall11"]
transform = Transform3D(0.707107, 0, 0.707107, 0, 1, 0, -0.707107, 0, 0.707107, 1.51897, -1.05, -22.8501)
shape = SubResource("BoxShape3D_xljpf")

[node name="floor" type="Node3D" parent="."]
transform = Transform3D(1, 0, 0, 0, 1, 0, 0, 0, 1, 0, -1.9, 0)

[node name="all leaves" type="Node3D" parent="floor"]
transform = Transform3D(1, 0, 0, 0, 1, 0, 0, 0, 1, 0, -0.1, 0)

[node name="leaves" type="Node3D" parent="floor/all leaves"]
transform = Transform3D(1.93185, 0, -0.517638, 0, 2, 0, 0.517638, 0, 1.93185, 0, 2, 0)

[node name="grass_leafsLarge2" parent="floor/all leaves/leaves" instance=ExtResource("2_yndxb")]

[node name="grass_leafsLarge3" parent="floor/all leaves/leaves" instance=ExtResource("2_yndxb")]
transform = Transform3D(-4.37114e-08, 0, 1, 0, 1, 0, -1, 0, -4.37114e-08, 0, 0, -0.4)

[node name="grass_leafsLarge4" parent="floor/all leaves/leaves" instance=ExtResource("2_yndxb")]
transform = Transform3D(0.707107, 0, 0.707107, 0, 1, 0, -0.707107, 0, 0.707107, 0.3, 0, -0.4)

[node name="grass_leafsLarge5" parent="floor/all leaves/leaves" instance=ExtResource("2_yndxb")]
transform = Transform3D(0.866025, 0, -0.5, 0, 1, 0, 0.5, 0, 0.866025, 0.3, 0, 0)

[node name="grass_leafsLarge6" parent="floor/all leaves/leaves" instance=ExtResource("2_yndxb")]
transform = Transform3D(0.707107, 0, 0.707107, 0, 1, 0, -0.707107, 0, 0.707107, 0.1, 0, 0.3)

[node name="grass_leafsLarge7" parent="floor/all leaves/leaves" instance=ExtResource("2_yndxb")]
transform = Transform3D(1, 0, 2.98023e-08, 0, 1, 0, -2.98023e-08, 0, 1, -0.299999, 0, 0)

[node name="grass_leafsLarge8" parent="floor/all leaves/leaves" instance=ExtResource("2_yndxb")]
transform = Transform3D(0.866025, 0, -0.5, 0, 1, 0, 0.5, 0, 0.866025, -0.299999, 0, -0.4)

[node name="grass_leafsLarge9" parent="floor/all leaves/leaves" instance=ExtResource("2_yndxb")]
transform = Transform3D(1, 0, 2.98023e-08, 0, 1, 0, -2.98023e-08, 0, 1, -0.199999, 0, 0.5)

[node name="grass2" parent="floor/all leaves/leaves" instance=ExtResource("3_jhcp8")]
transform = Transform3D(1, 0, 0, 0, 1, 0, 0, 0, 1, 0, 0, -0.7)

[node name="grass3" parent="floor/all leaves/leaves" instance=ExtResource("3_jhcp8")]
transform = Transform3D(0.5, 0, 0.866025, 0, 1, 0, -0.866025, 0, 0.5, -0.4, 0, -0.9)

[node name="grass4" parent="floor/all leaves/leaves" instance=ExtResource("3_jhcp8")]
transform = Transform3D(-5.96046e-08, 0, 1, 0, 1, 0, -1, 0, -5.96046e-08, -0.7, 0, -0.4)

[node name="grass5" parent="floor/all leaves/leaves" instance=ExtResource("3_jhcp8")]
transform = Transform3D(-0.5, 0, 0.866025, 0, 1, 0, -0.866025, 0, -0.5, -0.7, 0, 0.1)

[node name="grass6" parent="floor/all leaves/leaves" instance=ExtResource("3_jhcp8")]
transform = Transform3D(-0.866026, 0, 0.5, 0, 1, 0, -0.5, 0, -0.866026, -0.7, 0, 0.6)

[node name="grass7" parent="floor/all leaves/leaves" instance=ExtResource("3_jhcp8")]
transform = Transform3D(-1, 0, -1.49012e-07, 0, 1, 0, 1.49012e-07, 0, -1, -0.3, 0, 0.9)

[node name="grass8" parent="floor/all leaves/leaves" instance=ExtResource("3_jhcp8")]
transform = Transform3D(0.707107, 0, -0.707107, 0, 1, 0, 0.707107, 0, 0.707107, 0.2, 0, 0.8)

[node name="grass9" parent="floor/all leaves/leaves" instance=ExtResource("3_jhcp8")]
transform = Transform3D(1, 0, 1.78814e-07, 0, 1, 0, -1.78814e-07, 0, 1, 0.5, 0, 0.4)

[node name="grass10" parent="floor/all leaves/leaves" instance=ExtResource("3_jhcp8")]
transform = Transform3D(0.866025, 0, 0.5, 0, 1, 0, -0.5, 0, 0.866025, 0.700001, 0, -0.2)

[node name="grass11" parent="floor/all leaves/leaves" instance=ExtResource("3_jhcp8")]
transform = Transform3D(-0.707107, 0, -0.707107, 0, 1, 0, 0.707107, 0, -0.707107, 0.6, 0, -0.6)

[node name="grass_leafs2" parent="floor/all leaves/leaves" instance=ExtResource("4_yrvli")]
transform = Transform3D(1, 0, 0, 0, 1, 0, 0, 0, 1, 0, 0, -1.2)

[node name="grass_leafs3" parent="floor/all leaves/leaves" instance=ExtResource("4_yrvli")]
transform = Transform3D(-4.37114e-08, 0, -1, 0, 1, 0, 1, 0, -4.37114e-08, 0.4, 0, -1.2)

[node name="grass_leafs4" parent="floor/all leaves/leaves" instance=ExtResource("4_yrvli")]
transform = Transform3D(0.5, 0, -0.866025, 0, 1, 0, 0.866025, 0, 0.5, 0.0999994, 0, -2)

[node name="grass_leafs5" parent="floor/all leaves/leaves" instance=ExtResource("4_yrvli")]
transform = Transform3D(0.965926, 0, 0.258819, 0, 1, 0, -0.258819, 0, 0.965926, -0.8, 0, -1.1)

[node name="grass_leafs6" parent="floor/all leaves/leaves" instance=ExtResource("4_yrvli")]
transform = Transform3D(-0.866025, 0, 0.5, 0, 1, 0, -0.5, 0, -0.866025, -1.4, 0, -0.3)

[node name="grass_leafs7" parent="floor/all leaves/leaves" instance=ExtResource("4_yrvli")]
transform = Transform3D(-0.866025, 0, -0.5, 0, 1, 0, 0.5, 0, -0.866025, -1.4, 0, 0.7)

[node name="grass_leafs9" parent="floor/all leaves/leaves" instance=ExtResource("4_yrvli")]
transform = Transform3D(-1, 0, -8.9407e-08, 0, 1, 0, 8.9407e-08, 0, -1, -0.200002, 0, 1.4)

[node name="grass_leafs10" parent="floor/all leaves/leaves" instance=ExtResource("4_yrvli")]
transform = Transform3D(-0.258819, 0, -0.965926, 0, 1, 0, 0.965926, 0, -0.258819, 0.699997, 0, 1.2)

[node name="grass_leafs12" parent="floor/all leaves/leaves" instance=ExtResource("4_yrvli")]
transform = Transform3D(0.866025, 0, 0.5, 0, 1, 0, -0.5, 0, 0.866025, 1.1, 0, 0.1)

[node name="grass_leafs13" parent="floor/all leaves/leaves" instance=ExtResource("4_yrvli")]
transform = Transform3D(-0.965926, 0, -0.258819, 0, 1, 0, 0.258819, 0, -0.965926, 1.1, 0, -0.6)

[node name="leaves2" type="Node3D" parent="floor/all leaves"]
transform = Transform3D(1.73205, 0, 1, 0, 2, 0, -1, 0, 1.73205, 5.9, 2, 5.4)

[node name="grass_leafsLarge2" parent="floor/all leaves/leaves2" instance=ExtResource("2_yndxb")]

[node name="grass_leafsLarge3" parent="floor/all leaves/leaves2" instance=ExtResource("2_yndxb")]
transform = Transform3D(-4.37114e-08, 0, 1, 0, 1, 0, -1, 0, -4.37114e-08, 0, 0, -0.4)

[node name="grass_leafsLarge4" parent="floor/all leaves/leaves2" instance=ExtResource("2_yndxb")]
transform = Transform3D(0.707107, 0, 0.707107, 0, 1, 0, -0.707107, 0, 0.707107, 0.3, 0, -0.4)

[node name="grass_leafsLarge5" parent="floor/all leaves/leaves2" instance=ExtResource("2_yndxb")]
transform = Transform3D(0.866025, 0, -0.5, 0, 1, 0, 0.5, 0, 0.866025, 0.3, 0, 0)

[node name="grass_leafsLarge6" parent="floor/all leaves/leaves2" instance=ExtResource("2_yndxb")]
transform = Transform3D(0.707107, 0, 0.707107, 0, 1, 0, -0.707107, 0, 0.707107, 0.1, 0, 0.3)

[node name="grass_leafsLarge7" parent="floor/all leaves/leaves2" instance=ExtResource("2_yndxb")]
transform = Transform3D(1, 0, 2.98023e-08, 0, 1, 0, -2.98023e-08, 0, 1, -0.299999, 0, 0)

[node name="grass_leafsLarge8" parent="floor/all leaves/leaves2" instance=ExtResource("2_yndxb")]
transform = Transform3D(0.866025, 0, -0.5, 0, 1, 0, 0.5, 0, 0.866025, -0.299999, 0, -0.4)

[node name="grass_leafsLarge9" parent="floor/all leaves/leaves2" instance=ExtResource("2_yndxb")]
transform = Transform3D(1, 0, 2.98023e-08, 0, 1, 0, -2.98023e-08, 0, 1, -0.199999, 0, 0.5)

[node name="grass2" parent="floor/all leaves/leaves2" instance=ExtResource("3_jhcp8")]
transform = Transform3D(1, 0, 0, 0, 1, 0, 0, 0, 1, 0, 0, -0.7)

[node name="grass3" parent="floor/all leaves/leaves2" instance=ExtResource("3_jhcp8")]
transform = Transform3D(0.5, 0, 0.866025, 0, 1, 0, -0.866025, 0, 0.5, -0.4, 0, -0.9)

[node name="grass4" parent="floor/all leaves/leaves2" instance=ExtResource("3_jhcp8")]
transform = Transform3D(-5.96046e-08, 0, 1, 0, 1, 0, -1, 0, -5.96046e-08, -0.7, 0, -0.4)

[node name="grass5" parent="floor/all leaves/leaves2" instance=ExtResource("3_jhcp8")]
transform = Transform3D(-0.5, 0, 0.866025, 0, 1, 0, -0.866025, 0, -0.5, -0.7, 0, 0.1)

[node name="grass6" parent="floor/all leaves/leaves2" instance=ExtResource("3_jhcp8")]
transform = Transform3D(-0.866026, 0, 0.5, 0, 1, 0, -0.5, 0, -0.866026, -0.7, 0, 0.6)

[node name="grass7" parent="floor/all leaves/leaves2" instance=ExtResource("3_jhcp8")]
transform = Transform3D(-1, 0, -1.49012e-07, 0, 1, 0, 1.49012e-07, 0, -1, -0.3, 0, 0.9)

[node name="grass8" parent="floor/all leaves/leaves2" instance=ExtResource("3_jhcp8")]
transform = Transform3D(0.707107, 0, -0.707107, 0, 1, 0, 0.707107, 0, 0.707107, 0.2, 0, 0.8)

[node name="grass9" parent="floor/all leaves/leaves2" instance=ExtResource("3_jhcp8")]
transform = Transform3D(1, 0, 1.78814e-07, 0, 1, 0, -1.78814e-07, 0, 1, 0.5, 0, 0.4)

[node name="grass10" parent="floor/all leaves/leaves2" instance=ExtResource("3_jhcp8")]
transform = Transform3D(0.866025, 0, 0.5, 0, 1, 0, -0.5, 0, 0.866025, 0.700001, 0, -0.2)

[node name="grass11" parent="floor/all leaves/leaves2" instance=ExtResource("3_jhcp8")]
transform = Transform3D(-0.707107, 0, -0.707107, 0, 1, 0, 0.707107, 0, -0.707107, 0.6, 0, -0.6)

[node name="grass_leafs2" parent="floor/all leaves/leaves2" instance=ExtResource("4_yrvli")]
transform = Transform3D(1, 0, 0, 0, 1, 0, 0, 0, 1, 0, 0, -1.2)

[node name="grass_leafs3" parent="floor/all leaves/leaves2" instance=ExtResource("4_yrvli")]
transform = Transform3D(-4.37114e-08, 0, -1, 0, 1, 0, 1, 0, -4.37114e-08, 0.4, 0, -1.2)

[node name="grass_leafs4" parent="floor/all leaves/leaves2" instance=ExtResource("4_yrvli")]
transform = Transform3D(0.5, 0, -0.866025, 0, 1, 0, 0.866025, 0, 0.5, 0.0999994, 0, -2)

[node name="grass_leafs5" parent="floor/all leaves/leaves2" instance=ExtResource("4_yrvli")]
transform = Transform3D(0.965926, 0, 0.258819, 0, 1, 0, -0.258819, 0, 0.965926, -0.8, 0, -1.1)

[node name="grass_leafs6" parent="floor/all leaves/leaves2" instance=ExtResource("4_yrvli")]
transform = Transform3D(-0.866025, 0, 0.5, 0, 1, 0, -0.5, 0, -0.866025, -1.4, 0, -0.3)

[node name="grass_leafs7" parent="floor/all leaves/leaves2" instance=ExtResource("4_yrvli")]
transform = Transform3D(-0.866025, 0, -0.5, 0, 1, 0, 0.5, 0, -0.866025, -1.4, 0, 0.7)

[node name="grass_leafs9" parent="floor/all leaves/leaves2" instance=ExtResource("4_yrvli")]
transform = Transform3D(-1, 0, -8.9407e-08, 0, 1, 0, 8.9407e-08, 0, -1, -0.200002, 0, 1.4)

[node name="grass_leafs10" parent="floor/all leaves/leaves2" instance=ExtResource("4_yrvli")]
transform = Transform3D(-0.258819, 0, -0.965926, 0, 1, 0, 0.965926, 0, -0.258819, 0.699997, 0, 1.2)

[node name="grass_leafs12" parent="floor/all leaves/leaves2" instance=ExtResource("4_yrvli")]
transform = Transform3D(0.866025, 0, 0.5, 0, 1, 0, -0.5, 0, 0.866025, 1.1, 0, 0.1)

[node name="grass_leafs13" parent="floor/all leaves/leaves2" instance=ExtResource("4_yrvli")]
transform = Transform3D(-0.965926, 0, -0.258819, 0, 1, 0, 0.258819, 0, -0.965926, 1.1, 0, -0.6)

[node name="leaves3" type="Node3D" parent="floor/all leaves"]
transform = Transform3D(-1.78814e-07, 0, -2, 0, 2, 0, 2, 0, -1.78814e-07, -5.7, 2, 5.4)

[node name="grass_leafsLarge2" parent="floor/all leaves/leaves3" instance=ExtResource("2_yndxb")]

[node name="grass_leafsLarge3" parent="floor/all leaves/leaves3" instance=ExtResource("2_yndxb")]
transform = Transform3D(-4.37114e-08, 0, 1, 0, 1, 0, -1, 0, -4.37114e-08, 0, 0, -0.4)

[node name="grass_leafsLarge4" parent="floor/all leaves/leaves3" instance=ExtResource("2_yndxb")]
transform = Transform3D(0.707107, 0, 0.707107, 0, 1, 0, -0.707107, 0, 0.707107, 0.3, 0, -0.4)

[node name="grass_leafsLarge5" parent="floor/all leaves/leaves3" instance=ExtResource("2_yndxb")]
transform = Transform3D(0.866025, 0, -0.5, 0, 1, 0, 0.5, 0, 0.866025, 0.3, 0, 0)

[node name="grass_leafsLarge6" parent="floor/all leaves/leaves3" instance=ExtResource("2_yndxb")]
transform = Transform3D(0.707107, 0, 0.707107, 0, 1, 0, -0.707107, 0, 0.707107, 0.1, 0, 0.3)

[node name="grass_leafsLarge7" parent="floor/all leaves/leaves3" instance=ExtResource("2_yndxb")]
transform = Transform3D(1, 0, 2.98023e-08, 0, 1, 0, -2.98023e-08, 0, 1, -0.299999, 0, 0)

[node name="grass_leafsLarge8" parent="floor/all leaves/leaves3" instance=ExtResource("2_yndxb")]
transform = Transform3D(0.866025, 0, -0.5, 0, 1, 0, 0.5, 0, 0.866025, -0.299999, 0, -0.4)

[node name="grass_leafsLarge9" parent="floor/all leaves/leaves3" instance=ExtResource("2_yndxb")]
transform = Transform3D(1, 0, 2.98023e-08, 0, 1, 0, -2.98023e-08, 0, 1, -0.199999, 0, 0.5)

[node name="grass2" parent="floor/all leaves/leaves3" instance=ExtResource("3_jhcp8")]
transform = Transform3D(1, 0, 0, 0, 1, 0, 0, 0, 1, 0, 0, -0.7)

[node name="grass3" parent="floor/all leaves/leaves3" instance=ExtResource("3_jhcp8")]
transform = Transform3D(0.5, 0, 0.866025, 0, 1, 0, -0.866025, 0, 0.5, -0.4, 0, -0.9)

[node name="grass4" parent="floor/all leaves/leaves3" instance=ExtResource("3_jhcp8")]
transform = Transform3D(-5.96046e-08, 0, 1, 0, 1, 0, -1, 0, -5.96046e-08, -0.7, 0, -0.4)

[node name="grass5" parent="floor/all leaves/leaves3" instance=ExtResource("3_jhcp8")]
transform = Transform3D(-0.5, 0, 0.866025, 0, 1, 0, -0.866025, 0, -0.5, -0.7, 0, 0.1)

[node name="grass6" parent="floor/all leaves/leaves3" instance=ExtResource("3_jhcp8")]
transform = Transform3D(-0.866026, 0, 0.5, 0, 1, 0, -0.5, 0, -0.866026, -0.7, 0, 0.6)

[node name="grass7" parent="floor/all leaves/leaves3" instance=ExtResource("3_jhcp8")]
transform = Transform3D(-1, 0, -1.49012e-07, 0, 1, 0, 1.49012e-07, 0, -1, -0.3, 0, 0.9)

[node name="grass8" parent="floor/all leaves/leaves3" instance=ExtResource("3_jhcp8")]
transform = Transform3D(0.707107, 0, -0.707107, 0, 1, 0, 0.707107, 0, 0.707107, 0.2, 0, 0.8)

[node name="grass9" parent="floor/all leaves/leaves3" instance=ExtResource("3_jhcp8")]
transform = Transform3D(1, 0, 1.78814e-07, 0, 1, 0, -1.78814e-07, 0, 1, 0.5, 0, 0.4)

[node name="grass10" parent="floor/all leaves/leaves3" instance=ExtResource("3_jhcp8")]
transform = Transform3D(0.866025, 0, 0.5, 0, 1, 0, -0.5, 0, 0.866025, 0.700001, 0, -0.2)

[node name="grass11" parent="floor/all leaves/leaves3" instance=ExtResource("3_jhcp8")]
transform = Transform3D(-0.707107, 0, -0.707107, 0, 1, 0, 0.707107, 0, -0.707107, 0.6, 0, -0.6)

[node name="grass_leafs2" parent="floor/all leaves/leaves3" instance=ExtResource("4_yrvli")]
transform = Transform3D(1, 0, 0, 0, 1, 0, 0, 0, 1, 0, 0, -1.2)

[node name="grass_leafs3" parent="floor/all leaves/leaves3" instance=ExtResource("4_yrvli")]
transform = Transform3D(-4.37114e-08, 0, -1, 0, 1, 0, 1, 0, -4.37114e-08, 0.4, 0, -1.2)

[node name="grass_leafs4" parent="floor/all leaves/leaves3" instance=ExtResource("4_yrvli")]
transform = Transform3D(0.5, 0, -0.866025, 0, 1, 0, 0.866025, 0, 0.5, 0.0999994, 0, -2)

[node name="grass_leafs5" parent="floor/all leaves/leaves3" instance=ExtResource("4_yrvli")]
transform = Transform3D(0.965926, 0, 0.258819, 0, 1, 0, -0.258819, 0, 0.965926, -0.8, 0, -1.1)

[node name="grass_leafs6" parent="floor/all leaves/leaves3" instance=ExtResource("4_yrvli")]
transform = Transform3D(-0.866025, 0, 0.5, 0, 1, 0, -0.5, 0, -0.866025, -1.4, 0, -0.3)

[node name="grass_leafs7" parent="floor/all leaves/leaves3" instance=ExtResource("4_yrvli")]
transform = Transform3D(-0.866025, 0, -0.5, 0, 1, 0, 0.5, 0, -0.866025, -1.4, 0, 0.7)

[node name="grass_leafs9" parent="floor/all leaves/leaves3" instance=ExtResource("4_yrvli")]
transform = Transform3D(-1, 0, -8.9407e-08, 0, 1, 0, 8.9407e-08, 0, -1, -0.200002, 0, 1.4)

[node name="grass_leafs10" parent="floor/all leaves/leaves3" instance=ExtResource("4_yrvli")]
transform = Transform3D(-0.258819, 0, -0.965926, 0, 1, 0, 0.965926, 0, -0.258819, 0.699997, 0, 1.2)

[node name="grass_leafs12" parent="floor/all leaves/leaves3" instance=ExtResource("4_yrvli")]
transform = Transform3D(0.866025, 0, 0.5, 0, 1, 0, -0.5, 0, 0.866025, 1.1, 0, 0.1)

[node name="grass_leafs13" parent="floor/all leaves/leaves3" instance=ExtResource("4_yrvli")]
transform = Transform3D(-0.965926, 0, -0.258819, 0, 1, 0, 0.258819, 0, -0.965926, 1.1, 0, -0.6)

[node name="leaves4" type="Node3D" parent="floor/all leaves"]
transform = Transform3D(-0.517638, 0, -1.93185, 0, 2, 0, 1.93185, 0, -0.517638, -5.7, 2, -4.5)

[node name="grass_leafsLarge2" parent="floor/all leaves/leaves4" instance=ExtResource("2_yndxb")]

[node name="grass_leafsLarge3" parent="floor/all leaves/leaves4" instance=ExtResource("2_yndxb")]
transform = Transform3D(-4.37114e-08, 0, 1, 0, 1, 0, -1, 0, -4.37114e-08, 0, 0, -0.4)

[node name="grass_leafsLarge4" parent="floor/all leaves/leaves4" instance=ExtResource("2_yndxb")]
transform = Transform3D(0.707107, 0, 0.707107, 0, 1, 0, -0.707107, 0, 0.707107, 0.3, 0, -0.4)

[node name="grass_leafsLarge5" parent="floor/all leaves/leaves4" instance=ExtResource("2_yndxb")]
transform = Transform3D(0.866025, 0, -0.5, 0, 1, 0, 0.5, 0, 0.866025, 0.3, 0, 0)

[node name="grass_leafsLarge6" parent="floor/all leaves/leaves4" instance=ExtResource("2_yndxb")]
transform = Transform3D(0.707107, 0, 0.707107, 0, 1, 0, -0.707107, 0, 0.707107, 0.1, 0, 0.3)

[node name="grass_leafsLarge7" parent="floor/all leaves/leaves4" instance=ExtResource("2_yndxb")]
transform = Transform3D(1, 0, 2.98023e-08, 0, 1, 0, -2.98023e-08, 0, 1, -0.299999, 0, 0)

[node name="grass_leafsLarge8" parent="floor/all leaves/leaves4" instance=ExtResource("2_yndxb")]
transform = Transform3D(0.866025, 0, -0.5, 0, 1, 0, 0.5, 0, 0.866025, -0.299999, 0, -0.4)

[node name="grass_leafsLarge9" parent="floor/all leaves/leaves4" instance=ExtResource("2_yndxb")]
transform = Transform3D(1, 0, 2.98023e-08, 0, 1, 0, -2.98023e-08, 0, 1, -0.199999, 0, 0.5)

[node name="grass2" parent="floor/all leaves/leaves4" instance=ExtResource("3_jhcp8")]
transform = Transform3D(1, 0, 0, 0, 1, 0, 0, 0, 1, 0, 0, -0.7)

[node name="grass3" parent="floor/all leaves/leaves4" instance=ExtResource("3_jhcp8")]
transform = Transform3D(0.5, 0, 0.866025, 0, 1, 0, -0.866025, 0, 0.5, -0.4, 0, -0.9)

[node name="grass4" parent="floor/all leaves/leaves4" instance=ExtResource("3_jhcp8")]
transform = Transform3D(-5.96046e-08, 0, 1, 0, 1, 0, -1, 0, -5.96046e-08, -0.7, 0, -0.4)

[node name="grass5" parent="floor/all leaves/leaves4" instance=ExtResource("3_jhcp8")]
transform = Transform3D(-0.5, 0, 0.866025, 0, 1, 0, -0.866025, 0, -0.5, -0.7, 0, 0.1)

[node name="grass6" parent="floor/all leaves/leaves4" instance=ExtResource("3_jhcp8")]
transform = Transform3D(-0.866026, 0, 0.5, 0, 1, 0, -0.5, 0, -0.866026, -0.7, 0, 0.6)

[node name="grass7" parent="floor/all leaves/leaves4" instance=ExtResource("3_jhcp8")]
transform = Transform3D(-1, 0, -1.49012e-07, 0, 1, 0, 1.49012e-07, 0, -1, -0.3, 0, 0.9)

[node name="grass8" parent="floor/all leaves/leaves4" instance=ExtResource("3_jhcp8")]
transform = Transform3D(0.707107, 0, -0.707107, 0, 1, 0, 0.707107, 0, 0.707107, 0.2, 0, 0.8)

[node name="grass9" parent="floor/all leaves/leaves4" instance=ExtResource("3_jhcp8")]
transform = Transform3D(1, 0, 1.78814e-07, 0, 1, 0, -1.78814e-07, 0, 1, 0.5, 0, 0.4)

[node name="grass10" parent="floor/all leaves/leaves4" instance=ExtResource("3_jhcp8")]
transform = Transform3D(0.866025, 0, 0.5, 0, 1, 0, -0.5, 0, 0.866025, 0.700001, 0, -0.2)

[node name="grass11" parent="floor/all leaves/leaves4" instance=ExtResource("3_jhcp8")]
transform = Transform3D(-0.707107, 0, -0.707107, 0, 1, 0, 0.707107, 0, -0.707107, 0.6, 0, -0.6)

[node name="grass_leafs2" parent="floor/all leaves/leaves4" instance=ExtResource("4_yrvli")]
transform = Transform3D(1, 0, 0, 0, 1, 0, 0, 0, 1, 0, 0, -1.2)

[node name="grass_leafs3" parent="floor/all leaves/leaves4" instance=ExtResource("4_yrvli")]
transform = Transform3D(-4.37114e-08, 0, -1, 0, 1, 0, 1, 0, -4.37114e-08, 0.4, 0, -1.2)

[node name="grass_leafs4" parent="floor/all leaves/leaves4" instance=ExtResource("4_yrvli")]
transform = Transform3D(0.5, 0, -0.866025, 0, 1, 0, 0.866025, 0, 0.5, 0.0999994, 0, -2)

[node name="grass_leafs5" parent="floor/all leaves/leaves4" instance=ExtResource("4_yrvli")]
transform = Transform3D(0.965926, 0, 0.258819, 0, 1, 0, -0.258819, 0, 0.965926, -0.8, 0, -1.1)

[node name="grass_leafs6" parent="floor/all leaves/leaves4" instance=ExtResource("4_yrvli")]
transform = Transform3D(-0.866025, 0, 0.5, 0, 1, 0, -0.5, 0, -0.866025, -1.4, 0, -0.3)

[node name="grass_leafs7" parent="floor/all leaves/leaves4" instance=ExtResource("4_yrvli")]
transform = Transform3D(-0.866025, 0, -0.5, 0, 1, 0, 0.5, 0, -0.866025, -1.4, 0, 0.7)

[node name="grass_leafs9" parent="floor/all leaves/leaves4" instance=ExtResource("4_yrvli")]
transform = Transform3D(-1, 0, -8.9407e-08, 0, 1, 0, 8.9407e-08, 0, -1, -0.200002, 0, 1.4)

[node name="grass_leafs10" parent="floor/all leaves/leaves4" instance=ExtResource("4_yrvli")]
transform = Transform3D(-0.258819, 0, -0.965926, 0, 1, 0, 0.965926, 0, -0.258819, 0.699997, 0, 1.2)

[node name="grass_leafs12" parent="floor/all leaves/leaves4" instance=ExtResource("4_yrvli")]
transform = Transform3D(0.866025, 0, 0.5, 0, 1, 0, -0.5, 0, 0.866025, 1.1, 0, 0.1)

[node name="grass_leafs13" parent="floor/all leaves/leaves4" instance=ExtResource("4_yrvli")]
transform = Transform3D(-0.965926, 0, -0.258819, 0, 1, 0, 0.258819, 0, -0.965926, 1.1, 0, -0.6)

[node name="leaves5" type="Node3D" parent="floor/all leaves"]
transform = Transform3D(-0.517638, 0, -1.93185, 0, 2, 0, 1.93185, 0, -0.517638, 5.1, 2, -4.9)

[node name="grass_leafsLarge2" parent="floor/all leaves/leaves5" instance=ExtResource("2_yndxb")]

[node name="grass_leafsLarge3" parent="floor/all leaves/leaves5" instance=ExtResource("2_yndxb")]
transform = Transform3D(-4.37114e-08, 0, 1, 0, 1, 0, -1, 0, -4.37114e-08, 0, 0, -0.4)

[node name="grass_leafsLarge4" parent="floor/all leaves/leaves5" instance=ExtResource("2_yndxb")]
transform = Transform3D(0.707107, 0, 0.707107, 0, 1, 0, -0.707107, 0, 0.707107, 0.3, 0, -0.4)

[node name="grass_leafsLarge5" parent="floor/all leaves/leaves5" instance=ExtResource("2_yndxb")]
transform = Transform3D(0.866025, 0, -0.5, 0, 1, 0, 0.5, 0, 0.866025, 0.3, 0, 0)

[node name="grass_leafsLarge6" parent="floor/all leaves/leaves5" instance=ExtResource("2_yndxb")]
transform = Transform3D(0.707107, 0, 0.707107, 0, 1, 0, -0.707107, 0, 0.707107, 0.1, 0, 0.3)

[node name="grass_leafsLarge7" parent="floor/all leaves/leaves5" instance=ExtResource("2_yndxb")]
transform = Transform3D(1, 0, 2.98023e-08, 0, 1, 0, -2.98023e-08, 0, 1, -0.299999, 0, 0)

[node name="grass_leafsLarge8" parent="floor/all leaves/leaves5" instance=ExtResource("2_yndxb")]
transform = Transform3D(0.866025, 0, -0.5, 0, 1, 0, 0.5, 0, 0.866025, -0.299999, 0, -0.4)

